dai 1335
    1.000000       0.000000    
   0.9934523      0.1185731E-02
   0.9848515      0.2751554E-02
   0.9750867      0.4544474E-02
   0.9643210      0.6556167E-02
   0.9527506      0.8775504E-02
   0.9405496      0.1118007E-01
   0.9279240      0.1373532E-01
   0.9150593      0.1641469E-01
   0.9020679      0.1920753E-01
   0.8889755      0.2211398E-01
   0.8757854      0.2512987E-01
   0.8625119      0.2824748E-01
   0.8491759      0.3145701E-01
   0.8357992      0.3474839E-01
   0.8223940      0.3811738E-01
   0.8089480      0.4156698E-01
   0.7954333      0.4509826E-01
   0.7818409      0.4870328E-01
   0.7681851      0.5237031E-01
   0.7544791      0.5609139E-01
   0.7407235      0.5986136E-01
   0.7269131      0.6367523E-01
   0.7130435      0.6752702E-01
   0.6991318      0.7140280E-01
   0.6852384      0.7527546E-01
   0.6714392      0.7911047E-01
   0.6577791      0.8288100E-01
   0.6442734      0.8656706E-01
   0.6309302      0.9015007E-01
   0.6177535      0.9361258E-01
   0.6047341      0.9694028E-01
   0.5918483      0.1001250    
   0.5790696      0.1031641    
   0.5663746      0.1060553    
   0.5537493      0.1087975    
   0.5411956      0.1113874    
   0.5287244      0.1138168    
   0.5163399      0.1160768    
   0.5040364      0.1181609    
   0.4917993      0.1200648    
   0.4796059      0.1217856    
   0.4674336      0.1233254    
   0.4552663      0.1246853    
   0.4430949      0.1258669    
   0.4309163      0.1268714    
   0.4187327      0.1276990    
   0.4065444      0.1283495    
   0.3943485      0.1288224    
   0.3821430      0.1291190    
   0.3699321      0.1292399    
   0.3577229      0.1291854    
   0.3455186      0.1289550    
   0.3333187      0.1285488    
   0.3211289      0.1279681    
   0.3089639      0.1272140    
   0.2968360      0.1262848    
   0.2847449      0.1251778    
   0.2726844      0.1238923    
   0.2606556      0.1224297    
   0.2486682      0.1207918    
   0.2367378      0.1189808    
   0.2248834      0.1169991    
   0.2131234      0.1148470    
   0.2014714      0.1125239    
   0.1899398      0.1100300    
   0.1785436      0.1073664    
   0.1673016      0.1045354    
   0.1562364      0.1015405    
   0.1453734      0.9838722E-01
   0.1347430      0.9508238E-01
   0.1243793      0.9163629E-01
   0.1143212      0.8806122E-01
   0.1046107      0.8437353E-01
   0.9529041E-01  0.8059348E-01
   0.8640491E-01  0.7674495E-01
   0.7799387E-01  0.7285678E-01
   0.7009337E-01  0.6896104E-01
   0.6273533E-01  0.6509441E-01
   0.5593748E-01  0.6129249E-01
   0.4970749E-01  0.5758583E-01
   0.4403822E-01  0.5400130E-01
   0.3890616E-01  0.5055648E-01
   0.3428256E-01  0.4725662E-01
   0.3013065E-01  0.4410281E-01
   0.2640704E-01  0.4109247E-01
   0.2307028E-01  0.3821801E-01
   0.2008119E-01  0.3546868E-01
   0.1740129E-01  0.3283351E-01
   0.1499516E-01  0.3030199E-01
   0.1283512E-01  0.2786530E-01
   0.1089963E-01  0.2551764E-01
   0.9169124E-02  0.2325506E-01
   0.7625313E-02  0.2107420E-01
   0.6254451E-02  0.1897068E-01
   0.5045683E-02  0.1693686E-01
   0.3986954E-02  0.1496324E-01
   0.3066656E-02  0.1304000E-01
   0.2275255E-02  0.1115942E-01
   0.1607344E-02  0.9321366E-02
   0.1059227E-02  0.7531622E-02
   0.6265205E-03  0.5798566E-02
   0.3064115E-03  0.4129752E-02
   0.9952247E-04  0.2521356E-02
   0.6218218E-05  0.9559505E-03
   0.3081832E-04 -0.5920443E-03
   0.1815329E-03 -0.2144931E-02
   0.4717049E-03 -0.3710036E-02
   0.9176748E-03 -0.5278162E-02
   0.1529219E-02 -0.6827316E-02
   0.2312786E-02 -0.8336094E-02
   0.3277445E-02 -0.9784093E-02
   0.4435216E-02 -0.1114339E-01
   0.5799215E-02 -0.1238397E-01
   0.7362971E-02 -0.1350312E-01
   0.9107481E-02 -0.1450997E-01
   0.1102077E-01 -0.1541538E-01
   0.1310968E-01 -0.1623505E-01
   0.1538019E-01 -0.1699127E-01
   0.1783909E-01 -0.1770563E-01
   0.2050817E-01 -0.1838092E-01
   0.2341529E-01 -0.1901842E-01
   0.2659282E-01 -0.1962287E-01
   0.3008013E-01 -0.2019978E-01
   0.3392912E-01 -0.2074687E-01
   0.3820329E-01 -0.2126155E-01
   0.4297744E-01 -0.2174406E-01
   0.4833482E-01 -0.2219695E-01
   0.5436817E-01 -0.2261251E-01
   0.6116921E-01 -0.2297931E-01
   0.6881824E-01 -0.2328877E-01
   0.7738231E-01 -0.2353097E-01
   0.8688677E-01 -0.2368821E-01
   0.9729845E-01 -0.2374730E-01
   0.1085527     -0.2370110E-01
   0.1205386     -0.2354885E-01
   0.1331139     -0.2329881E-01
   0.1461401     -0.2295728E-01
   0.1595041     -0.2253223E-01
   0.1731338     -0.2203325E-01
   0.1869704     -0.2147128E-01
   0.2009625     -0.2085660E-01
   0.2150704     -0.2019692E-01
   0.2292679     -0.1949919E-01
   0.2435368     -0.1876882E-01
   0.2578618     -0.1801076E-01
   0.2722310     -0.1722861E-01
   0.2866364     -0.1642543E-01
   0.3010739     -0.1560381E-01
   0.3155423     -0.1476612E-01
   0.3300419     -0.1391509E-01
   0.3445686     -0.1305412E-01
   0.3591138     -0.1218603E-01
   0.3736691     -0.1131227E-01
   0.3882290     -0.1043477E-01
   0.4027889     -0.9557571E-02
   0.4173440     -0.8684636E-02
   0.4318903     -0.7817750E-02
   0.4464265     -0.6957888E-02
   0.4609504     -0.6105994E-02
   0.4754527     -0.5263482E-02
   0.4899218     -0.4433971E-02
   0.5043573     -0.3622174E-02
   0.5187704     -0.2830534E-02
   0.5331711     -0.2059202E-02
   0.5475620     -0.1308489E-02
   0.5619398     -0.5788541E-03
   0.5762969      0.1286371E-03
   0.5906252      0.8109571E-03
   0.6049213      0.1464787E-02
   0.6191858      0.2087079E-02
   0.6334217      0.2674977E-02
   0.6476330      0.3226383E-02
   0.6618216      0.3739740E-02
   0.6759868      0.4213267E-02
   0.6901283      0.4644957E-02
   0.7042466      0.5032920E-02
   0.7183423      0.5375494E-02
   0.7324145      0.5670982E-02
   0.7464610      0.5917367E-02
   0.7604795      0.6112527E-02
   0.7744678      0.6253956E-02
   0.7884272      0.6338963E-02
   0.8023612      0.6365382E-02
   0.8162713      0.6331589E-02
   0.8301563      0.6236049E-02
   0.8440173      0.6077321E-02
   0.8578594      0.5854406E-02
   0.8716784      0.5568435E-02
   0.8854494      0.5221468E-02
   0.8991367      0.4814683E-02
   0.9127107      0.4349046E-02
   0.9261230      0.3830655E-02
   0.9392326      0.3274149E-02
   0.9518227      0.2694381E-02
   0.9636833      0.2096904E-02
   0.9746684      0.1492106E-02
   0.9846105      0.9148635E-03
   0.9933537      0.3972774E-03
    1.000000       0.000000    
